4097
568
757
1135
1324
5609
5798
2458
3025
3403
4159
4348
4537
630
819
4726
1008
1386
1764
3276
503
692
881
4977
1637
1826
5733
2204
2393
3716
4283
754
1321
5417
2266
3211
3778
60
249
4345
627
816
5101
1194
1383
1572
4534
2139
2517
3273
3840
4029
4407
500
878
5541
1634
1823
3335
3713
4091
184
4280
562
751
940
1318
5414
1696
2263
2830
3019
3208
3397
246
4531
4342
813
1002
1191
1380
5476
1758
5854
2136
2892
3081
3459
3837
4026
119
4404
497
4215
875
5160
2009
2387
2765
3710
3899
4088
4466
748
4844
1126
1315
5222
5789
1693
2260
2071
2449
5600
3016
3394
3961
4150
4339
432
4528
810
999
1188
1377
5095
1755
1944
6040
2700
3078
3267
3834
4023
116
494
872
1061
4968
5535
1628
2195
2384
3518
178
4274
556
745
934
1123
1312
4652
1690
1879
2257
2068
5975
3580
51
4336
4147
618
807
996
1185
1374
1563
4525
5848
2697
2886
3075
3831
4209
4398
491
4776
869
1058
1436
1625
1814
2003
2192
2570
2759
2948
3515
3704
3893
553
4649
931
5216
1309
1498
5594
5972
2254
2065
2632
2821
3010
3199
48
4333
615
804
993
1182
1371
5467
5845
1938
2127
2505
2694
2883
3072
3261
3828
4584
866
5529
1622
1811
2000
2189
5907
2567
1433
2945
3134
3701
4079
4457
550
928
5402
1495
1684
5780
2062
5969
6158
2818
3007
3763
45
4330
4519
4708
612
801
1179
1368
1557
1746
4897
2313
2502
2691
5842
3069
5275
674
863
1052
5526
1430
1997
2186
6093
2564
2942
3887
169
358
4454
4832
736
1114
1303
5588
1681
2059
2437
2626
2815
3193
42
609
798
1176
1365
5650
5839
6028
2310
2877
3066
3255
4011
4389
482
671
1049
1427
1616
5523
1994
2183
6090
2372
5712
3317
3884
4451
544
4829
922
1111
1300
1489
1678
1867
2056
2245
733
2623
5774
5963
3190
3379
6152
3757
5207
4324
417
4513
4891
795
606
4702
1551
1740
5647
2307
2496
5836
2874
3063
3252
3630
479
668
4575
1802
1991
2180
2558
3503
3692
352
541
919
1108
5582
1864
2053
2242
3187
3376
3754
3943
36
603
792
4699
5833
6022
2493
2682
2871
3060
3438
3627
4194
98
4572
4761
1043
1421
1799
1988
2555
2744
3122
3878
4067
349
4445
538
916
1105
1294
1483
1672
5012
2050
6146
2428
2617
5201
3184
3940
411
4696
1167
5830
2112
2490
2679
3435
4002
95
4380
473
662
1418
1985
6081
2363
2930
3119
4253
4442
535
913
1102
1291
5576
1480
1669
5009
5387
2425
6143
2992
219
4315
597
786
1164
1542
1731
5827
2298
2487
2676
6016
5638
3999
4188
281
470
4566
848
659
1226
1415
5700
2549
2738
2927
3305
4061
4439
532
343
910
1099
1288
4628
1666
1855
2044
2233
2422
4817
5573
2989
1477
3367
3934
27
216
4312
594
783
972
1350
1539
5635
2484
2862
3807
3996
4185
278
467
656
845
5130
5319
1412
1601
1790
1979
6075
2924
3113
4625
4814
907
1096
5570
1852
2986
3175
3931
24
591
4876
1158
1347
5443
5821
1914
2103
1725
2481
2859
6010
3237
4182
4371
275
653
842
4938
1031
1409
1598
5316
1976
5694
464
3299
3677
3866
337
4622
4811
904
5000
1282
1471
5756
1660
2038
6134
2416
5945
2794
526
1849
2227
1093
21
4306
4495
588
1344
5440
1911
2289
2478
3045
3801
3990
83
272
4557
650
4368
1406
5880
1973
2351
2540
2729
3107
3485
3674
4430
4619
712
901
1090
4808
5375
5564
1279
2035
2224
1846
2413
2791
3736
4492
963
1152
5437
5248
1719
5815
1908
6004
2475
2664
2853
3420
3987
80
269
458
647
836
4365
1214
1403
1592
1781
4554
5688
2348
6066
1970
4743
3104
3293
3482
3671
3860
2726
520
4805
898
1087
5372
1276
1654
5561
2032
2410
2599
2977
3355
3733
15
4111
582
771
1149
1338
5245
5812
1905
2472
2661
3228
3795
4173
4362
77
266
455
1022
1211
1400
4929
5307
1967
2156
2345
2534
4740
2912
3290
4613
706
4991
517
1273
1462
1084
1840
2029
2218
2596
2785
2974
3163
3541
3730
12
4297
4864
1146
1335
5620
1713
1902
2091
2280
2469
2658
5998
3225
3981
74
263
452
641
4359
4737
1208
1397
1586
5304
5493
2153
2531
3098
3287
3854
4232
514
4988
892
5366
1270
1459
1648
1837
5555
1081
2593
2782
2971
3160
3349
2404
9
4105
576
765
954
1143
1332
5617
2277
3411
3600
260
4545
638
449
827
1016
1394
1583
5679
1961
1205
2339
6057
2150
5301
3284
3851
4418
511
1267
5552
1834
2590
2779
2968
3157
3346
6
195
4102
4669
762
951
573
1329
1707
5803
2274
2652
2841
3030
68
257
4353
4542
1013
1391
1580
1958
2147
2336
2525
2714
2903
3281
3848
4037
4226
4415
508
4793
1264
5549
5738
6116
2398
2776
2965
3154
3343
3532
3910
3
4288
570
4855
948
5422
1515
2082
2460
2649
3972
254
4539
1199
1388
1766
1955
2144
2333
3089
3278
3845
316
4601
694
883
5168
1261
1450
1639
1828
5735
4979
2395
2584
5357
2773
3151
2962
3529
3907
4096
4285
567
4852
756
1134
5419
5797
1701
2079
2646
3780
3969
4347
4536
1196
5481
2330
2519
2708
2141
3086
3275
3842
4031
691
5165
1258
1447
1636
1825
5732
2014
2770
3337
3526
3715
186
4471
564
753
1320
5416
5794
2076
2265
2454
2643
2832
248
4533
4722
815
5100
1193
626
1571
5856
1949
2327
2138
2705
2894
3083
3272
3461
3839
4028
4217
310
4595
688
877
499
5351
1255
1444
1822
2011
1633
5729
2956
3712
3901
4090
183
4279
750
4846
1317
1506
1695
1884
2262
2829
3774
245
4341
623
4719
1001
1190
812
5475
1946
2324
2135
2702
2891
3080
3269
3647
3836
4025
118
4214
496
685
874
1063
1252
4592
1630
5726
5348
5159
2575
2953
4276
558
936
1125
1314
1503
5410
1692
2259
2448
2070
3015
3204
3393
3960
53
4338
4527
620
809
998
1565
1754
1943
2132
2321
6039
3077
115
493
4778
871
1060
1249
1438
2005
2383
3328
4273
4651
933
5218
1311
1500
1689
1878
2067
2445
5974
2823
3201
50
239
617
806
995
1184
5091
1562
5847
2318
2507
3074
3263
3830
4019
4586
490
868
1057
1246
1435
5909
2002
2191
2380
2758
2947
3703
3892
4270
363
552
4648
1308
5593
5782
1875
2064
2820
3198
47
4332
4143
803
992
2126
2315
2504
3071
4016
4205
109
4583
487
865
1054
1243
4961
1621
1810
1999
4772
2377
5528
2755
2944
1432
2566
3700
4267
360
549
4456
5023
1116
1305
1494
1683
1872
2061
2250
2817
3195
3951
44
4518
800
4896
1178
5085
1745
1934
2312
5841
6030
2501
3068
3257
3635
4391
484
1051
1240
5147
1618
5525
1996
2185
6092
1429
2563
2941
3130
2374
3697
3886
4075
4264
357
546
4831
735
5209
1302
5587
1680
1491
2058
2247
2436
2625
3381
3948
5082
5649
1742
3065
3254
3443
4199
481
670
859
1048
1237
1426
5711
1993
2371
3127
921
1299
5584
1488
1677
2055
2244
2433
5962
3000
3378
38
416
4512
794
983
1172
5079
605
1928
2117
2306
2684
2873
3062
3251
6024
3629
4007
100
4385
667
856
1234
1423
1612
1990
2179
6086
2557
2746
3880
4258
351
540
918
5203
1296
1485
5770
5392
2052
2241
2430
602
980
5076
5643
5832
2114
2870
3059
3437
4004
4382
475
4760
664
1042
1231
5138
1798
1987
2365
3121
4255
915
5011
5578
1671
5767
2049
1482
2427
2616
3939
410
599
1355
1544
5640
1922
2489
3434
3812
94
283
661
5135
5324
5513
1606
1795
6080
1984
2362
2551
2740
2929
3874
4441
534
912
5008
1290
1479
5386
1857
5197
5575
2802
4503
785
1163
1352
1541
5637
2486
2675
3053
3809
3998
280
4376
658
5132
5510
1603
5888
1981
2170
1792
2359
2737
2926
3682
3871
4060
4438
531
4816
909
5194
1287
1476
2232
2610
2799
26
593
782
4878
4689
1349
1538
5823
1916
6012
2483
3428
3806
3995
88
4562
655
844
1033
1222
466
1600
5885
1978
2734
2923
3301
3679
3868
4057
528
717
906
4813
1284
5569
4624
1851
2040
2229
6136
2607
2796
3363
3930
23
590
779
968
1346
5631
2480
2669
3236
3425
4181
274
4559
4370
841
652
5315
1030
1597
4937
5693
463
2353
2542
2731
2920
3865
4243
4432
525
714
903
1092
1281
5944
2037
2226
2415
1848
2793
2982
3171
3360
3549
3738
20
4494
587
776
965
1343
1532
1721
5439
2099
2288
2477
2666
271
460
649
838
4367
4934
5312
1594
1783
5690
2161
2350
2728
3106
3295
144
4618
711
900
1089
4807
5374
1656
522
1278
2412
2790
3357
3546
3735
17
4491
584
773
962
1151
1340
1529
5625
1907
1718
2285
2474
2663
5436
5814
3419
6003
3797
3986
5058
268
4553
457
4931
1024
646
835
1591
1213
1969
4742
2347
2536
2725
2914
3103
5309
3481
4426
897
1275
2031
6127
2409
5247
2787
3732
14
203
4110
4299
770
959
581
5244
2471
2660
3038
3605
3983
265
454
643
4361
4550
4739
1588
1966
2155
2533
2722
3100
4234
4423
4612
516
894
1083
1272
4990
5368
1839
2028
2406
2595
2784
3162
3540
3729
11
4296
4107
578
767
4863
1145
1523
1712
1901
2090
2279
2468
3602
3791
4169
262
451
640
4358
1018
5492
1585
5681
1963
2152
2341
2719
3853
4609
513
891
1269
1458
1836
2025
2214
2592
2781
3159
3348
3537
3915
4104
4482
953
5049
5427
5616
1709
5805
3599
3788
70
259
4355
4733
1015
5300
1582
2338
2527
2149
2905
3661
3850
4039
4228
4606
510
1266
1455
2778
2967
3723
3912
5
194
4479
4101
4857
950
1139
1328
4668
572
5046
2273
2462
3218
3974
256
4352
4541
1012
1957
2335
2902
3091
3469
3847
4036
129
318
4603
4225
4414
1074
1263
4792
1641
5737
5359
5548
2397
2586
507
2964
2775
3342
3531
3909
2
191
4287
4665
569
947
1136
1325
1514
5421
2648
3782
253
4538
631
820
1387
1765
1954
2143
2332
2521
2899
3088
3655
4411
4600
693
882
1260
1827
2205
3528
188
566
944
1322
5418
1700
2078
2456
2267
61
250
439
4157
628
1006
1195
1384
1573
5669
1951
2329
2140
2707
3841
501
690
1068
1257
1446
1635
1824
5164
2391
2769
3336
3525
3714
4092
4281
4470
563
752
941
1130
1319
1508
1697
5415
2453
3209
247
4343
4721
814
1192
1381
5855
1948
2326
2515
2137
2893
3082
3838
4027
4216
4405
4783
876
4972
1254
1443
1632
5350
2010
3333
182
371
560
749
4278
4467
1316
1694
1883
3017
3962
4151
244
4340
55
811
1189
1378
1756
6041
2323
2134
3079
3835
4024
117
495
4591
873
1062
1251
1440
1629
4780
2007
4969
5536
2196
2763
5158
3519
3897
4086
4464
557
1502
1691
5598
2069
1880
2825
3770
3959
52
4337
4526
808
5093
1186
1375
1942
2131
2320
2698
3076
3265
4210
492
870
1059
1248
1437
5155
5911
2004
2193
1626
2382
2949
3894
554
4650
932
1310
5973
2255
2444
2822
3200
49
238
4334
616
805
994
1183
1372
4145
1939
2317
2506
2695
3073
3829
111
4207
4585
867
1245
1434
1623
1812
2001
2190
2568
2757
3135
4080
173
362
4458
4647
929
5214
1307
5592
1685
1874
2063
2252
6159
5403
2819
3197
46
4331
613
802
1180
1369
5276
1936
2692
3070
3259
4015
108
297
4204
4771
864
5338
1242
1620
1431
1998
2565
2754
3132
3699
4266
170
926
1115
1304
5589
1682
5400
5967
2249
2438
2627
2816
3194
3572
232
4517
610
421
988
4895
1366
1555
1744
1177
2122
799
5084
5273
3067
3256
3634
4012
483
5146
1239
5524
5713
1806
1995
6091
2373
2562
2940
3696
4074
545
734
1112
1679
1868
2057
6153
2435
3191
3380
607
985
1174
5270
1552
5648
2875
3442
4198
4387
858
1047
1236
1425
5332
1803
1992
5710
2370
2559
6088
2937
3693
3882
4071
4449
542
731
920
1109
1298
5583
5772
1865
2054
5961
2621
4322
415
4511
793
982
1171
1549
5834
1927
6023
2872
3250
477
855
1233
1422
1611
5329
1989
2178
5518
2556
5707
6085
3879
4257
350
539
917
1106
1295
1484
5013
1862
2051
6147
2429
2618
3185
3563
4319
412
601
5075
1168
2302
2680
2869
3058
3814
285
4570
474
852
663
1230
1419
1608
1797
1986
5515
5137
2553
2742
3120
3498
3687
158
536
725
914
1103
1292
5577
5766
1859
1670
5010
1481
2615
5199
2048
3182
3938
409
598
787
5072
1165
4694
1543
5828
2488
2677
3055
4378
471
660
4756
1038
5323
1416
5701
282
1983
2172
5512
1605
3684
4629
4818
911
1100
5385
1478
5574
1856
6141
28
4313
4691
784
973
1162
4880
1540
2107
2296
2485
3808
90
4375
4186
657
1224
1413
1602
5509
1980
2358
2547
3303
3870
530
4815
908
1097
5382
1286
5571
2609
4499
592
781
1159
5444
5822
1915
2104
2293
2482
2860
3427
3994
276
465
654
1032
1221
1410
1599
5128
2166
2544
2922
3678
4434
4812
905
1283
5568
1850
2039
6135
2417
2606
2228
2984
3362
400
4496
967
1912
2101
2290
2479
2668
3046
3235
3424
3802
3991
4180
273
4369
651
840
1029
1218
1407
1596
1785
1974
4558
2352
4936
2730
3108
3297
3486
4431
524
713
902
4809
5376
4998
1280
1847
2036
1091
2603
2792
4304
586
775
1153
5438
5816
1909
2476
2665
3043
4177
4366
270
459
648
4933
1215
1404
1593
5878
1782
2160
2349
2538
5311
3105
3672
521
4806
899
1088
1655
1844
5940
2222
2411
2600
2789
3734
16
4301
4490
5246
1339
1528
1717
1906
2095
2473
5435
3229
4174
267
456
645
4741
1023
4930
1401
1590
4363
1968
2346
2535
2724
3102
3291
3480
329
518
1085
1463
1841
2030
6126
2408
2597
2786
2975
3731
13
4109
391
4298
4487
958
1147
1336
5432
5621
1903
2092
2281
2659
580
3037
3226
5054
5243
2470
3982
75
264
4549
642
831
1020
453
1398
1587
1776
1209
1965
2343
5305
5494
2154
3099
3288
3477
4360
4738
2721
4233
4422
4611
893
1082
4989
5556
1460
1649
2027
2216
5745
2594
2783
1838
5367
3350
2972
3728
10
4295
4106
577
4862
5051
1144
1333
5429
5807
2278
2467
2845
3223
3412
3601
3979
72
261
4546
450
1017
5302
5491
1395
5680
6058
2151
2529
2718
3096
3285
3852
134
4230
512
1079
5553
1646
1835
2024
2213
2402
2591
2780
2969
3158
7
4103
4481
574
952
1141
5615
1708
1897
2275
2464
5804
3220
3598
3787
4165
258
447
636
4543
1014
1392
5488
2148
2904
3282
3849
4038
4227
5361
5550
1454
1643
1832
2021
2399
2588
2777
2966
3344
3533
3911
4
4289
4478
4856
949
5045
5423
1327
1705
1894
2083
2839
3028
3784
4162
255
4351
1011
1389
1956
2523
2712
3090
3279
4413
317
695
884
1073
5358
1451
5736
1829
5547
506
2396
2774
2963
3341
3908
